363154844
561371952
360550988
331802255
537780132
542511686
527740152
533561885
464652978
653171276
545958271
442930588
510643634
468738585
539102903
409991823
597494181
367107953
442790609
418892460
596546023
668309237
629408589
682964010
440718302
462519377
737369671
492680525
505253234
589003128
562038104
382107453
741752884
391093033
576233634
547313550
357420195
453227842
374986430
511107467
410896080
480497450
618584941
588199307
386241868
552799694
503947184
413258417
562794249
390581757
473966409
438142806
446158585
394375678
412049674
484422403
376413715
328453619
593476960
472314220
651092377
597855590
573511269
373539016
498336861
322348845
569376490
676201334
389781154
548528027
376461719
634132246
506802786
574125726
338725687
524617679
440719551
389157776
317374984
492359166
485998842
335744614
287197884
397754521
682820712
528947242
543929153
415962807
438979179
627986929
323876167
339559940
604715759
420826699
299818435
284035177
700740807
538431160
552608723
442975871
363883551
527869466
401629893
586927107
356817627
493299360
284806204
302930976
692753615
535562583
366579803
373179553
578834522
555063314
659694038
431761169
535048805
717236386
447145667
600093661
373742138
455051316
408263192
772051967
415950922
499097243
428713765
331805052
331308914
405890911
312325565
422753285
450584747
423245659
504265646
307386350
290806829
542470523
492573020
451410596
508957354
766086140
623188302
516767086
408260229
397729759
600380311
421783501
309172177
318649229
380845816
484232467
563513035
488720081
458571562
399573859
469326959
299366785
491796218
542826138
576009463
427719655
511127322
336693422
323813692
415720975
444782268
375660117
470219771
649429083
331370344
461526519
429009175
381792721
428599191
358001094
285924450
462249608
483056482
485357017
385287307
726811403
315116954
358305912
329744931
396886949
400320197
594494009
731191999
609711577
335186209
366249684
555717978
382298536
389294696
326347260
680063805
497917037
459481464
576228807
421819675
638021335
396659191
292486900
549019596
462259157
389854659
515966981
556027347
349731802
436760574
535509415
318678880
572226383
524363672
347639491
417047728
468996152
473282264
376517578
490129610
349828360
324686068
656177391
715319487
328412701
318082149
331705067
518394445
480883488
416023011
621574163
300186241
460712294
435253220
568189808
364923643
462795218
636240052
466334271
417582128
419408603
349561448
551385904
482473443
728975731
363213193
579966222
281704574
407729716
597084729
441364262
719972451
681370499
281941097
570129169
482728980
423924656
535995104
407835353
490668237
572368711
378107369
410053365
632616854
398018310
413112585
692365393
460066042
318424694
449780743
413389368
591839871
348623784
647922968
642959434
518393133
331803452
433589595
465346806
472110881
422366403
519874080
403827899
343555245
394400436
467415882
516444730
368497281
479563016
567830235
352470511
327921474
361786318
334415021
383990455
519817714
388082488
474500851
586374537
521456565
373431224
331185880
578503387
427781975
320128602
646606863
470946258
525588154
341046078
547621981
305449194
430671164
435133002
507893845
353432573
534820054
669384838
639651082
460248400
419674635
672246353
364365478
315659984
458023433
467937518
361342038
383565674
357604351
394773729
505581274
733009363
547090457
403126613
529051002
406371748
487066871
556653197
322447301
339684652
485247638
508163604
346888659
405725825
407358186
404686699
342585873
588509171
378087184
312094746
604186826
533079551
320788270
358845668
617969335
382952264
711074743
665873523
574362595
410292502
415884846
289814055
385896092
378923576
595095288
309938343
281913144
388928133
367531157
569723994
429775439
404593641
389685660
471267375
408264324
575756462
570625667
712286167
723134859
350190807
712908978
360704050
452395530
465186865
594329490
569522474
537403620
445338486
504241451
656402481
707865524
318798264
617098629
467154094
393642611
439078709
521541303
419895234
642058826
733359914
464268205
665811972
570772231
579581125
320298020
497407923
503701268
413107327
532085262
301724680
580763004
444688076
616090626
385529352
577112130
336963964
342972390
435965836
510544616
457331294
350185614
711727127
758103884
670460479
562090727
463240522
505800761
436691957
390846039
317951436
355736423
701955919
659563061
327125649
516439697
516387951
767268733
421276073
539322692
404066296
567074135
589441253
751096907
483391778
553850489
548213544
433762447
354730788
295767899
482066631
444268184
440734561
300255638
541340389
377226886
519625336
592023161
431970805
545609647
375381161
372987619
632285588
412442982
543808008
400637320
533055175
425684914
398032168
303113127
453682011
446623339
712661687
531527909
703216566
429431089
429092408
546053596
444073831
748920931
343507143
352071170
476639005
738421938
512651258
505232685
596011949
484375848
306614867
387986451
625973249
393630966
434443103
462829744
521680097
470867961
342527639
557285579
746894884
291945182
498237834
417922502
767588204
478912950
416009595
402806693
311548709
655527928
455537046
506375544
456706611
630119301
362348516
382497397
514374715
536817268
367100181
484570190
484385600
383925190
435168129
435214690
654867487
381699271
547745734
353263352
300996215
425758986
569031708
470656567
443222909
664657494
572989656
361436133
288656960
477967747
476474319
448357306
472026960
319268411
376038666
548615579
466959933
580766710
444258750
706258885
442839435
403303566
415756753
583841326
647623485
368493398
435958174
448122894
481627348
306021114
370916498
589443627
397279736
702999541
412910736
566584692
356866743
441135242
566645291
480767833
456633308
403598968
591706840
445720433
510770549
597793934
572584499
509515254
731023052
640432720
351175162
684305703
340855631
381840917
442464896
490111274
540468068
428263748
324389392
604968321
474679690
493015447
385884369
398106780
633888737
456057617
428474548
437488076
356664887
313259740
440185993
513850893
336082252
411766326
333250923
479317486
345188269
563027226
537265820
586377264
318142137
531184261
381982120
537040244
523628077
589328270
502147249
606099082
397093993
460008350
337563692
333578095
411621803
429000446
417230067
514363426
319109885
384021568
321202730
542487199
484569962
366554161
423246594
358571317
583093664
476394945
530168168
400599514
725029107
449649021
361264754
369297038
533534570
474259675
394286729
525442318
568147279
563665674
648622623
336651139
284809790
455145111
691285427
451447462
627391132
478652721
335989871
357484932
509909227
329380089
475099959
338178992
388038507
564426090
365342149
487285735
672902340
437092418
339883869
406841105
420455839
397761931
427740544
413049280
718602088
429757774
376393873
672521799
441537393
508957683
335364882
640360962
697957355
386505750
403836377
416888137
337604610
533010951
428262754
458686055
684416909
492684276
452037529
336817466
409040926
601452706
432750508
711449645
466454789
503864527
515850648
541906286
530302207
450571908
307620907
411486575
327586041
416571227
544440496
667886326
404178112
284847138
445298897
388481318
550932668
630663687
451397015
403901186
407825700
624714390
457494327
566054855
294813449
481823522
435368482
508852374
493941470
503851561
323701765
499047552
457043098
378084979
358373842
417420505
408023130
382017848
575400964
415259551
426130673
571801488
493390354
475854271
751972942
285056092
502658998
473958425
382189096
570448129
401736219
500138120
342606477
466702384
387178273
395953716
647803670
330740828
412841793
523994373
474133548
489196274
494842499
385618916
760852900
334256223
307419255
404607612
580994842
663592361
412047584
303814652
386648039
378195188
491024736
487161280
387209224
357706066
493433252
425685843
359188521
320928490
468529107
396524653
466234654
453223651
392988420
508217833
457954781
383137151
338307313
504672168
451416904
442980285
734130700
294444490
594225389
561452319
451978211
511479725
346205023
582725370
534586266
464426407
300872165
333177961
447289584
476710841
312886438
296426075
364376344
636365643
463455354
507967709
424608772
330226164
419269554
606204534
625324968
363526415
590219612
380577262
399857015
541066676
368221343
306599340
368499861
430537691
443065594
374953419
332063292
420964130
435138734
363278608
533968357
459826795
379909266
577891381
492768487
530001625
466492126
630866486
509123115
331808522
415545903
480083200
425199399
613009563
422704707
505787730
561930308
403047077
390531553
313895919
521017976
447600117
494652642
426041393
445170859
525958087
393316867
431589174
382177814
422573855
584945494
739298964
743784099
554622105
518158653
416294111
595051747
459237313
427593622
329065662
413168726
574279132
485084223
419202474
512393983
428652359
593308377
569285173
721033937
335685323
568526366
517484130
595012291
432450349
342689843
490044745
365049659
569305946
474213236
720123604
398436747
438788905
290638154
548017839
593195079
547749847
386656478
693884865
541940082
532827049
340701877
307658513
566409966
476718980
387233380
578830929
498983604
347634120
306423353
625614526
494170744
445575722
309830931
544099783
625707695
362607743
586328581
440786655
569266174
492663955
427460569
426208076
412650768
427799600
664306931
682065789
338237450
604752655
473477150
407856257
571545335
417970539
288657710
532811902
579271843
509098112
346524077
496265566
538453653
321726300
338813698
406033647
553536717
455913117
527548554
321327691
578496721
471966214
686156346
489822377
418279192
401713638
382300394
771791010
470154924
324331173
578435033
517729226
686218010
600100369
402791902
527100035
698848120
552020897
360999412
448374702
579962583
371157308
625333618
364191819
284945674
602381387
431006818
634139673
597917484
386449763
330035194
437660937
365198409
586167688
401082205
476231051
374050672
556164306
346834864
321560858
511997756
444016627
386678211
399129662
583170971
371186057
383298204
464309202
604326341
542406394
563544551
575923525
498221031
329581980
331806276
352467965
373582546
530003802
559887125
584959322
695061867
501410335
374022496
714626557
495704311
339532909
428418657
457999468
605796358
410940835
346700012
406162876
418398949
691096785
474903029
298458698
505175161
406055530
596170970
306226132
436491861
567273381
397136849
646540368
574731947
410617886
327775054
512602760
586745548
579482541
489656375
487325089
432306789
325230226
730634951
391464755
521487551
300238550
473526598
469229784
506563991
453388583
431156417
472315002
433592412
483216130
381292358
340501200
481079171
338137227
478158774
425988401
430537586
657861657
327576776
340021813
338010821
566812758
430478223
730601963
298687558
480454364
561625752
341036067
489972714
664563379
359817562
401553995
516709434
410094240
463462029
471112395
473964082
424015720
412453843
647615653
687242690
574022124
449727424
584165682
491857094
468404991
538187423
451228846
456219044
404059113
502635374
361555026
665972392
288690509
461812897
305777377
496510803
357685324
578920567
487473473
477620120
484000695
400359471
324322177
521207075
587288462
350154435
510298272
399885903
458680449
308964013
561206553
681323605
286531709
351995731
489285174
686145398
418407216
284147312
409894248
550252401
300300768
529997671
365399299
391699339
615880658
568047979
512999447
330482882
632802055
551454062
634220286
580843500
348177453
333188676
374213833
633956731
510568895
498216307
525781368
307840047
491126018
690158616
337482934
453140446
304870741
405616387
298867247
502319134
363384817
412786820
407838751
382457983
766894692
350612910
370811491
577076711
330029818
444873616
447432920
299948601
715337334
564115016
338380654
595287172
521720287
307308511
768163905
433857716
402715941
417950625
609027352
635495757
404797432
311852560
473775345
593445885
454719277
327962480
424121785
381342286
619917807
346475226
506556769
313624917
391062219
356169777
625331086
681495114
578887757
349853481
513950325
299392794
498010853
433199718
330984271
575695520
513218458
395980468
425226754
491648052
498008691
464131808
414113282
310682819
472014516
456273368
569532697
658539297
390058619
407651428
534659421
701067522
395375487
699636487
535981874
503568279
439937940
478986342
594237344
502593329
461062822
542340395
523866851
528363174
486366672
502877810
718290805
448700202
333647776
495992183
376375011
582790430
560487958
706099830
491076730
560878748
466387763
305574085
494522038
394762682
303262993
310716163
478953025
552594442
576677472
369571913
614787471
409366411
429648406
601846938
367353324
308331524
310730297
473535285
502912815
373392705
340917615
544118997
379313678
342792281
497489376
656485997
321249090
446675774
477755570
365726944
405387506
369125087
512653485
432087846
656377555
414496806
427783832
449655162
385758163
475327718
435198586
331763096
434558971
299024911
591441599
394908591
682438211
509964934
407517450
347564786
331233824
548665259
322312746
348308661
480887516
431010077
501961889
438991471
498457284
443793701
598354231
402259941
440693834
320967054
615802139
369754237
572284095
435873883
449060020
586095930
706366965
419878345
426482708
686958385
541672969
376817521
406387206
431925922
469405092
595743376
394721194
479330610
633270514
510369875
462268766
358398010
431475095
675135060
338048941
561498932
438727555
395478916
373174152
418960096
765536780
415467828
556151196
393279698
558688927
566504821
535076358
771541926
543090051
521597965
418355248
405461321
314855255
548773050
596133590
583475512
393422300
638323895
411524298
420496625
550252887
424716908
585471186
632384981
596623291
379459607
529160691
511855507
528315604
555029222
538891526
419168262
524123670
639324283
439791100
506508166
436639678
526785825
505728417
573229289
495584394
507215257
589549928
386802729
483017239
312951771
402447013
588722840
452856454
731616780
470580739
441599004
464352883
477296657
552293383
482752836
463377680
403569006
366700212
537308269
620067490
470492812
329502124
501431760
390369834
647074443
413109494
425604994
420792544
453560335
368499632
553049864
491854246
740204829
553177920
529615515
412050327
319836632
562542654
400367302
464383246
664697933
379085746
466052686
471314510
299943618
433046878
471061898
470412147
370339723
602724318
655783752
670097598
378084485
315020789
422663827
730030539
429007990
685310398
322664011
662557215
541094726
505889167
463630399
634598719
699835169
550285323
619460348
456471024
740378046
401746066
412549442
538946076
561629778
422272073
395545555
720516210
396959302
587653192
402167427
606905722
570036360
622651675
467483176
389571743
569206105
428483536
460871979
473326170
452815667
639619979
481012158
635281031
518244464
307094023
451001072
414569920
602710567
424024870
339573039
413522634
445221346
522408559
545519333
506426310
547109318
382217506
533796437
349502924
646100661
497387361
425720246
537916781
434432510
437092808
549643634
493867628
473404571
297430070
632306630
391286574
694902084
337606352
395111132
734014323
297648638
615267996
584824960
570582763
358738229
407345290
467329677
510855668
405364611
427937454
719219382
424889327
414849432
548344850
432079746
418598616
460494117
380200364
435463622
703177890
635708484
486645049
405566099
583390285
312380247
458535080
364726223
429504851
451268300
428146680
664659826
366974923
423822370
334254348
343112470
766149271
590029416
336860594
348153259
308749977
508421942
410622484
386308647
395859078
421885329
602933086
351727428
542914362
431072213
407558537
331521594
515430900
543061998
625317512
467816643
544520956
509199715
441551189
347073471
587372739
516509211
571044395
567264775
458734623
463300784
439424555
561507659
488818252
411970514
586028606
475738160
494140836
424575621
449920657
450324535
319730503
572227849
583035786
437521746
379687930
454252261
711923939
366746980
657015750
571826961
641194843
589478573
444088767
365180396
640179084
355728893
483014900
439880532
362375140
387231038
465814696
613464159
404078364
498800576
625326383
409122247
373238146
466304751
362578625
672238358
641340497
465455201
683474012
414275302
487339214
452674411
423546618
288841503
523018379
378120928
563316826
289278457
423593206
463193339
392275380
449938021
397992129
404849387
661910862
466067444
642064350
320192158
495955880
489926921
675747606
442693988
645682444
499033500
574344908
482390711
429870253
416456429
510717503
364019201
387404738
494955824
699402534
530703273
669821485
408873050
560657279
438695494
418689709
309491028
523025208
385621762
378358380
483343276
632244310
292234839
396885309
293657764
482067432
407761767
293825085
307906541
594352566
346184215
480824199
376510438
681097555
400273783
297804039
363515015
571096102
340618204
501624063
349051443
301048982
318698524
517166254
520849729
534457025
506485378
635539283
327871110
417871100
470365157
570803648
305997247
672803850
578338516
408265227
465685575
393156562
408770902
461764168
498133627
338098329
410177268
334983677
592281262
381450492
414910977
672100118
626098406
722974798
456805313
658460658
545590546
630687854
663665527
606378030
692783324
532627057
495498306
305793334
484100875
528556891
471405732
389159102
440321925
584557117
463553380
508115286
422370120
491730359
494659339
565993818
409370678
369327398
375614185
489602051
556553223
555646196
618601202
674962256
504646663
481100750
416357699
331605976
471866066
420490216
